

%%% nmax = 5; npols = 9; nquad = 4; sym_type = 1; error = 1.803E-33
%%% number_of_nodes = 7; inside = true; positive = true

xs5 = [
       -1.9424272473208608411866722816503366E-02,
       -7.7927510027142393406213368767848279E-01,
       -7.6998505162001018402273946032248041E-01,
        0.0000000000000000000000000000000000E+00];
ys5 = [
        9.6589649081680583754744154598966794E-01,
        5.7101983453317583208332185714917608E-01,
       -5.8348637826007865221383363869363799E-01,
        0.0000000000000000000000000000000000E+00];
ws5 = [
        6.3539991686911080583204031315220794E-01,
        1.1028749918385256624786184704812328E+00,
        1.1188679484352206745464840735094166E+00,
        1.1428571428571428571428571428571440E+00];


%%% nmax = 15; npols = 64; nquad = 22; sym_type = 1; error = 5.013E-33
%%% number_of_nodes = 43; inside = true; positive = true

xs15 = [
        9.0339595381716547534910181582503892E-01,
       -5.5013429493647794905541998639674170E-01,
       -7.7919231883131937475514085951419321E-01,
       -9.0000756242490849571800087518700285E-01,
        5.2853308804868672732440125027075678E-01,
       -9.8393567503734244568363806762806879E-01,
       -9.0371945311982948451797675844151428E-01,
       -9.7877696733937264562486181082824465E-01,
       -2.7864068760370148820629491030391967E-01,
       -6.9176691928118990306399580738544601E-01,
        7.3204872026670555371448308924931382E-01,
        8.5226179343798993475196078600109687E-01,
       -1.8348952029549846268933721831366518E-01,
        3.7428404505487070525224194809345546E-01,
        4.4680924662129436626580335509297178E-01,
       -1.8638741859214045715671309551791598E-01,
       -7.1392014162058693164636984653577880E-01,
        9.7987746324254560350981675030446817E-02,
       -4.3802338900830862092697675162730810E-01,
        9.9305487367566633237684814314444886E-01,
       -9.6954180000170631172772187628829017E-01,
        0.0000000000000000000000000000000000E+00];
ys15 = [
       -6.4060726969986858221236410788988213E-01,
        1.1518348839716001835344652038105792E-01,
       -9.5980310253188399550751264154220590E-01,
       -7.3978656424621832346988422362908946E-01,
        8.2746988543965819027999768793867383E-01,
       -9.3810622095327790702623973886576641E-01,
        9.6966878485744252152856812912122410E-01,
       -4.0247220488880521236853535620187333E-01,
       -9.7721260235872127637999559676629521E-01,
       -4.9221632450304580802226024952296940E-01,
       -4.1205756715086681527504402274027347E-01,
        9.8401891739229923824903134584706483E-02,
       -6.3133065365106097214840776099378992E-01,
        2.4904099108174294304003006942916137E-01,
       -9.8242021089841724678180112654050023E-01,
        3.7447520423593508554479816838088222E-01,
        8.6536952159289467403061334615114049E-01,
       -8.8051537103327762188438110258296521E-01,
        6.7757805981351095648364002842444912E-01,
       -8.3699925203642572653002042164577480E-01,
        2.4672118196806639281676880253542083E-01,
        0.0000000000000000000000000000000000E+00];
ws15 = [
        1.3281009765529814212815353471789360E-01,
        3.1334920911147703786233398121784665E-01,
        7.2834787892008047658215792409305424E-02,
        1.3538208794967817434808223343505866E-01,
        2.1669878254571406402452420368032715E-01,
        2.2633680631511348662663276409166600E-02,
        3.8925030191256783262317813505409065E-02,
        7.5282497100719110593489516317466061E-02,
        8.1749074954919405084778503654281790E-02,
        2.8896034433159390362547073444229556E-01,
        2.3973310891756260743801233842899033E-01,
        2.3944782287769905960101678566651201E-01,
        3.4795802107234516852228101537878793E-01,
        3.6721135254031441088506802319142542E-01,
        6.7809620304436066840005939813226169E-02,
        3.7980505834504027411463276993954525E-01,
        1.5297025662523251249488407374806860E-01,
        2.2105460150249323335014507351061974E-01,
        2.9324400178824348943581905358722850E-01,
        2.6709841486850026682187366859691719E-02,
        9.6027192535701044598449160720891505E-02,
        1.8940352963990608878746880936597748E-01];


%%% nmax = 17; npols = 81; nquad = 27; sym_type = 1; error = 5.988E-33
%%% number_of_nodes = 54; inside = true; positive = true

xs17 = [
        9.6488790340407374718992550505920896E-01,
       -3.3028659221922312074792509537719950E-01,
       -8.8819878916095107461229749996902139E-01,
       -8.1432962620456813353935200656141266E-01,
       -7.9609636234547407407888009060083470E-01,
       -9.8486164802012784809308874350520031E-01,
       -1.4089443332640653360246321946536870E-01,
       -2.0335876108787340338608785559181033E-01,
        9.0749762139290339004643527263079283E-01,
       -3.3383047192058337401081755442041639E-01,
       -3.7993248927978323882457138661406143E-02,
       -5.3952625402244990331325012435376444E-01,
       -4.9384963109793332260868577544246303E-01,
       -5.5883616538331480333825060870126360E-01,
       -7.1741183690906733129693604275501116E-01,
        4.2959553704976974736359385871794279E-01,
        9.8337833246819199991376325287325825E-01,
        2.4180495276639367181373313218984019E-02,
        6.8322474097124022578696664946824123E-01,
        3.1193074088170042639315581032537842E-02,
        7.4819769729544820987158737316520297E-01,
        9.7142724462143542558703862994330676E-01,
       -2.6895334704606443673113592032462953E-01,
       -5.9911514075312002213563604156155905E-01,
       -8.6572898285501619394132447939886345E-01,
       -9.5765282932607450924065108507059485E-01,
        9.7522855517761824309303697554975069E-01];
ys17 = [
        9.8568938223441211345750888689123250E-01,
        9.4984927102966894220544913342512226E-01,
        8.7219623522260658548935956443322687E-01,
       -6.1241229129368848198886397378584989E-01,
       -9.3122580327020320286753632691859655E-01,
        9.3840166632710722596923950366940116E-02,
        7.1527167731468365921697561902927352E-01,
       -8.9241057893760122195093570338836102E-01,
       -3.9863570201026790752166162112539453E-01,
       -3.2196823216938507841018270359547677E-02,
        8.8312891294248333043194700553408842E-01,
        8.3110089416992659428663065396043067E-01,
       -9.8283746336353524617759515782661394E-01,
       -7.8364504076890315573887187987074149E-01,
        9.7715448393884908196114805939746471E-01,
       -4.6767736768835809776667999857727430E-01,
       -6.8937716086639558002682125597013391E-01,
       -9.9098693518399183164949876248130744E-01,
       -1.7466781483535085240388006565609845E-01,
       -2.7714122167376648125881900500659372E-01,
       -6.4502722706347206073980265286848274E-01,
        4.3488420359143253096784439530658806E-01,
       -5.6271184370679487342615844638554281E-01,
       -3.4165581940652371644458370176746731E-01,
       -1.4081248924435593527283862675916451E-01,
       -8.0832460785289123389613360721131158E-01,
       -9.7457965120792736033964729078538670E-01];
