

%%% nmax = 2; npols = 10; nquad = 4; sym_type = 0; error = 5.790E-34
%%% number_of_nodes = 4; inside = true; positive = true

xs2 = [
       -4.3800382624742930606138346630836131E-01,
       -4.9082268513471941822540414467668934E-01,
        6.3135440885736130799069590282484612E-01,
        8.0100974489364618668209013932930098E-01];
ys2 = [
        6.2813829429784837720112965781808895E-02,
       -1.2428784103731500768395679549269131E-01,
        8.6742580216081304143695372937678437E-01,
       -9.5336643509880840468526342964422427E-01];
zs2 = [
       -8.4440123418862354465598542225235417E-01,
        6.4010867144649861638969550695759530E-01,
        1.3179045507019003790468432047484368E-01,
       -9.1658554365223217166885659506689051E-02];
ws2 = [
        2.1468331239080399446203031231121622E+00,
        2.6681960225507103551984190899469488E+00,
        1.7757203462423495913027892694573925E+00,
        1.4092505072989001088784885174834968E+00];


%%% nmax = 4; npols = 35; nquad = 10; sym_type = 0; error = 4.887E-34
%%% number_of_nodes = 10; inside = true; positive = true

xs4 = [
        5.3789613553139914143123881799279253E-01,
        9.2305154607645968958959585614749263E-01,
       -3.0177295594586417461417190820894585E-01,
       -4.2862453736118342028331764308651532E-02,
       -4.9192810308341488169062580660957090E-01,
       -6.3317839251650846501715111120316289E-01,
        3.4338596973168377909048023603053745E-01,
        7.1591402858677563511249359342975911E-01,
       -9.6343799690281001433345666104196434E-01,
        9.5335706457818561947530507149588037E-01];
ys4 = [
       -2.9212948643765890665297158275657747E-01,
        1.3381878403403891454113922563253077E-02,
       -6.3367129718809227532693563263109572E-01,
        8.6372936922606920665643203022573589E-01,
        6.6500833786787688556706790442686022E-01,
       -6.5795879233495181273541381250131395E-01,
        1.3144612116618691064778680509375623E-01,
       -9.3346710209545058987933789301527226E-01,
        2.8212741865556094825984059317059572E-01,
        9.2712183490888530137636405607004454E-01];
zs4 = [
       -9.9047477680716509838720845747553129E-01,
        9.0345069441376425791858089045395178E-01,
        7.4786824678635935366134548441103779E-01,
        6.9804927063897062466445102735239615E-01,
       -6.7921726280598484107774771712908677E-01,
       -5.1420531906607999833858401478915721E-01,
       -1.4918344674930417979634925462170879E-02,
       -1.1240035699880353896536139569644865E-02,
        4.3701579987127101871865689523490993E-01,
       -4.4335721157063745501975170380530092E-01];
ws4 = [
        5.7017466573247642991032666287066868E-01,
        4.1741436618309812811504468037361242E-01,
        9.6950808332435332770256348271090134E-01,
        7.0074600037736993222755084945565712E-01,
        9.2459825267215902925259639657873575E-01,
        9.9288412440339927330035987071810472E-01,
        1.8522734205879571709543873916263987E+00,
        5.6980302503067990567805225740760611E-01,
        6.7074604299958984111927846262292547E-01,
        3.3185201868891696173983994563538980E-01];


%%% nmax = 6; npols = 84; nquad = 22; sym_type = 0; error = 1.703E-33
%%% number_of_nodes = 22; inside = true; positive = true

xs6 = [
       -6.5201061812457882434300118487236370E-01,
       -8.8391127331972219179889294190599829E-01,
       -4.1108733046517539762747462536250977E-01,
       -5.4838105103674480044717630759700308E-01,
        2.8922166009486475197874614820694321E-01,
        6.3427337235721635014392743162340410E-01,
        9.2773494019772128285928442568832173E-01,
        1.9591454933849464485779500501205613E-01,
        9.6988593941387603285204004377546467E-01,
        2.4175079865981524049668423144037754E-01,
        8.7368285488399797888971998271566202E-01,
       -2.4732507008931411500760484414460014E-01,
       -8.3599007490515269636950164094499008E-01,
       -7.0108111972690312833922086117370221E-01,
        6.8507290438769127564957815218003208E-01,
        8.7069994951619306535024250359160483E-01,
        4.4339628269089447015780065551185843E-01,
       -2.9320965656235375864448293346385156E-01,
       -2.6339108879607433786783808396050360E-01,
       -9.5243435306918570176129456535202326E-01,
        5.5849426491569963724512537205095345E-01,
       -9.5502269273991176134502045705989790E-01];
ys6 = [
       -9.2052338161900297148223740805287094E-01,
        6.2540920577293001641081076264578052E-01,
       -6.5251927676872621679685171073234357E-01,
        6.6752774668375143446263915230187692E-01,
        4.9773007445176841545362886638310553E-01,
       -8.4731227038100772663559727944482648E-01,
       -2.9287450393515800346579193442659584E-01,
       -1.4979075813154165025953981811373797E-01,
        3.8858547647559799630866949136897415E-01,
       -3.1582859189472361814921479560653898E-01,
        8.5265321036207458307535230859394625E-01,
        4.5918729193931477204980516523928290E-01,
       -2.4405147781094381179885664331166645E-01,
        4.3733901828842216764197108532561277E-02,
        3.4269598075326212794089384255582479E-01,
       -5.6609246791987903674380057892021117E-01,
        9.0812192175224943436955596274190254E-01,
        9.2931502917893613867622291940300250E-01,
       -7.8103887250332853891105603175783326E-01,
        8.2602749285054572652926120218772312E-01,
       -9.7676885983336901543635933699012348E-01,
       -8.5192172384244577865751536110305487E-01];
zs6 = [
       -9.8905069767398001629847132764682662E-01,
        9.4062295001213297678005537708063041E-01,
        9.3561423779618580613205233959667508E-01,
       -9.1927641547999774126097011390037129E-01,
        8.8789693827976507988491893783994077E-01,
       -7.8708678370340680091053399322745712E-01,
        8.6608309792981470923960388969289164E-01,
       -8.0247090716324477223749967739471099E-01,
       -8.8807112893495310794672356402032641E-01,
        4.5297039114688354534120164937401026E-01,
        5.2904904171892197139197539088584993E-01,
       -1.8542037585339993271355128384613433E-01,
       -5.9630956263511395515632286376289314E-01,
        4.9021734559172318484986004084412867E-01,
       -2.8801153145739816878273584620752795E-02,
       -2.0576376460235186680429965052319848E-01,
       -6.0423280753900517301352050425888866E-01,
        4.9664841179702024188416762258613239E-01,
       -2.0959001804534772955794977517595221E-01,
       -2.2687971253378125093153690973820244E-01,
        6.0716048195722678288078983313917373E-01,
        3.8505130717575459290780408092830222E-01];
ws6 = [
        8.9912291771590336041147034013187316E-02,
        1.1777786121553846259500063963130879E-01,
        2.8139968854720208440454001884458507E-01,
        2.6052225712562588515133746748313610E-01,
        3.9652961919114405696938455868361644E-01,
        2.0548427671006852066683738432903196E-01,
        1.8456450794589098060492560598939788E-01,
        6.2343439775073725408376797772852622E-01,
        1.4409492521176334545263720806985096E-01,
        7.5877815134899276161274660276418236E-01,
        1.9693284547102674915196278530120172E-01,
        7.5977263308401766315745121994105795E-01,
        4.5819325185198898557083121736546775E-01,
        6.4134088971339000419665086018244228E-01,
        6.2893229176140030283593944968083594E-01,
        3.6371972543449489302885882687291990E-01,
        3.3125511337069664892734995881622166E-01,
        3.2489962943663787721428924878354087E-01,
        6.6121434351119626189446696316542611E-01,
        1.8559212494317772999399043314930925E-01,
        2.1690314925235601293927791183935599E-01,
        1.6874602535106318350660662736539655E-01];


%%% nmax = 8; npols = 165; nquad = 42; sym_type = 0; error = 2.624E-33
%%% number_of_nodes = 42; inside = true; positive = true

