

%%% nmax = 9; sym_type = 2; error = 2.220E-33
%%% number_of_nodes = 17; inside = true; positive = true

xs9 = [
       -9.2796164595956966740075336938370380E-01,
       -7.5027709997890053353598398238935976E-01,
        9.2796164595956966740075336938370380E-01,
        7.5027709997890053353598398238935976E-01,
       -6.3068011973166885417324028074904409E-01,
       -9.6884996636197772071669034297833581E-01,
        6.3068011973166885417324028074904409E-01,
        9.6884996636197772071669034297833581E-01,
       -8.5261572933366230774521467651834922E-01,
       -7.6208328192617173181626867389324526E-02,
        8.5261572933366230774521467651834922E-01,
        7.6208328192617173181626867389324526E-02,
       -4.5333982113564719076278764158208605E-01,
       -5.2373582021442933603828712663913785E-01,
        4.5333982113564719076278764158208605E-01,
        5.2373582021442933603828712663913785E-01,
        0.0000000000000000000000000000000000E+00];
ys9 = [
       -7.5027709997890053353598398238935976E-01,
        9.2796164595956966740075336938370380E-01,
        7.5027709997890053353598398238935976E-01,
       -9.2796164595956966740075336938370380E-01,
       -9.6884996636197772071669034297833581E-01,
        6.3068011973166885417324028074904409E-01,
        9.6884996636197772071669034297833581E-01,
       -6.3068011973166885417324028074904409E-01,
       -7.6208328192617173181626867389324526E-02,
        8.5261572933366230774521467651834922E-01,
        7.6208328192617173181626867389324526E-02,
       -8.5261572933366230774521467651834922E-01,
       -5.2373582021442933603828712663913785E-01,
        4.5333982113564719076278764158208605E-01,
        5.2373582021442933603828712663913785E-01,
       -4.5333982113564719076278764158208605E-01,
        0.0000000000000000000000000000000000E+00];
ws9 = [
        1.1209960212959648527589892702544512E-01,
        1.1209960212959648527589892702544512E-01,
        1.1209960212959648527589892702544512E-01,
        1.1209960212959648527589892702544512E-01,
        8.8879378170198706967010886222082539E-02,
        8.8879378170198706967010886222082539E-02,
        8.8879378170198706967010886222082539E-02,
        8.8879378170198706967010886222082539E-02,
        2.6905133763978080301573389367098951E-01,
        2.6905133763978080301573389367098951E-01,
        2.6905133763978080301573389367098951E-01,
        2.6905133763978080301573389367098951E-01,
        3.9828243926207009527633571694979571E-01,
        3.9828243926207009527633571694979571E-01,
        3.9828243926207009527633571694979571E-01,
        3.9828243926207009527633571694979571E-01,
        5.2674897119341563786008230452674873E-01];


%%% nmax = 11; sym_type = 2; error = 1.676E-33
%%% number_of_nodes = 24; inside = true; positive = true

xs11 = [
       -9.5353952820153201584500426682397663E-01,
       -1.8858613871864195460032456818274206E-01,
        9.5353952820153201584500426682397663E-01,
        1.8858613871864195460032456818274206E-01,
       -6.9807610454956756477646980617496124E-01,
       -9.8263922354085547295249149700400915E-01,
        6.9807610454956756477646980617496124E-01,
        9.8263922354085547295249149700400915E-01,
       -9.3948638281673690720643236216989673E-01,
       -8.2577583590296393730227458528993914E-01,
        9.3948638281673690720643236216989673E-01,
        8.2577583590296393730227458528993914E-01,
       -7.1200191307533630654906589512376113E-01,
       -5.2532025036454776234163188714002278E-01,
        7.1200191307533630654906589512376113E-01,
        5.2532025036454776234163188714002278E-01,
       -3.1562343291525419598560971640210790E-01,
       -8.1252054830481310048938258191229931E-01,
        3.1562343291525419598560971640210790E-01,
        8.1252054830481310048938258191229931E-01,
       -4.2484724884866925061543011151195798E-01,
       -4.1658071912022368273546804537699712E-02,
        4.2484724884866925061543011151195798E-01,
        4.1658071912022368273546804537699712E-02];
ys11 = [
       -1.8858613871864195460032456818274206E-01,
        9.5353952820153201584500426682397663E-01,
        1.8858613871864195460032456818274206E-01,
       -9.5353952820153201584500426682397663E-01,
       -9.8263922354085547295249149700400915E-01,
        6.9807610454956756477646980617496124E-01,
        9.8263922354085547295249149700400915E-01,
       -6.9807610454956756477646980617496124E-01,
       -8.2577583590296393730227458528993914E-01,
        9.3948638281673690720643236216989673E-01,
        8.2577583590296393730227458528993914E-01,
       -9.3948638281673690720643236216989673E-01,
       -5.2532025036454776234163188714002278E-01,
        7.1200191307533630654906589512376113E-01,
        5.2532025036454776234163188714002278E-01,
       -7.1200191307533630654906589512376113E-01,
       -8.1252054830481310048938258191229931E-01,
        3.1562343291525419598560971640210790E-01,
        8.1252054830481310048938258191229931E-01,
       -3.1562343291525419598560971640210790E-01,
       -4.1658071912022368273546804537699712E-02,
        4.2484724884866925061543011151195798E-01,
        4.1658071912022368273546804537699712E-02,
       -4.2484724884866925061543011151195798E-01];
ws11 = [
        9.7386777358668164196120439799547108E-02,
        9.7386777358668164196120439799547108E-02,
        9.7386777358668164196120439799547108E-02,
        9.7386777358668164196120439799547108E-02,
        4.8020763350723814562763175977580565E-02,
        4.8020763350723814562763175977580565E-02,
        4.8020763350723814562763175977580565E-02,
        4.8020763350723814562763175977580565E-02,
        6.6071329164550595673635080849546327E-02,
        6.6071329164550595673635080849546327E-02,
        6.6071329164550595673635080849546327E-02,
        6.6071329164550595673635080849546327E-02,
        2.2562606172886338740315801620849032E-01,
        2.2562606172886338740315801620849032E-01,
        2.2562606172886338740315801620849032E-01,
        2.2562606172886338740315801620849032E-01,
        2.1173634999894860050393166135626098E-01,
        2.1173634999894860050393166135626098E-01,
        2.1173634999894860050393166135626098E-01,
        2.1173634999894860050393166135626098E-01,
        3.5115871839824543766039162580857459E-01,
        3.5115871839824543766039162580857459E-01,
        3.5115871839824543766039162580857459E-01,
        3.5115871839824543766039162580857459E-01];


%%% nmax = 13; sym_type = 2; error = 2.283E-33
%%% number_of_nodes = 33; inside = true; positive = true

