

%%% nmax = 1; npols = 1; nquad = 1; sym_type = 3; error = 0.000E+00
%%% number_of_nodes = 1; inside = true; positive = true

xs1 = [
        0.0000000000000000000000000000000000E+00];
ys1 = [
        0.0000000000000000000000000000000000E+00];
ws1 = [
        4.0000000000000000000000000000000000E+00];


%%% nmax = 3; npols = 2; nquad = 1; sym_type = 3; error = 3.045E-34
%%% number_of_nodes = 4; inside = true; positive = true

xs3 = [
        5.7735026918962576450914878050195741E-01];
ys3 = [
       -5.7735026918962576450914878050195741E-01];
ws3 = [
        4.0000000000000000000000000000000015E+00];


%%% nmax = 5; npols = 4; nquad = 2; sym_type = 3; error = 2.311E-34
%%% number_of_nodes = 8; inside = true; positive = true

xs5 = [
        0.0000000000000000000000000000000000E+00,
       -8.8191710368819686350053858454642010E-01];
ys5 = [
       -6.8313005106397322554806924536807013E-01,
       -8.8191710368819686350053858454642010E-01];
ws5 = [
        3.2653061224489795918367346938775518E+00,
        7.3469387755102040816326530612244945E-01];


%%% nmax = 7; npols = 6; nquad = 3; sym_type = 3; error = 6.626E-34
%%% number_of_nodes = 12; inside = true; positive = true

xs7 = [
        3.8055443320831565637910635908639415E-01,
       -8.0597978291859874370785618135074422E-01,
       -9.2582009977255146156656677658399945E-01];
ys7 = [
       -3.8055443320831565637910635908639415E-01,
       -8.0597978291859874370785618135074422E-01,
        0.0000000000000000000000000000000000E+00];
ws7 = [
        2.0823716666695778285596777281869265E+00,
        9.4972709876252093687242103724517486E-01,
        9.6790123456790123456790123456790201E-01];


%%% nmax = 9; npols = 9; nquad = 4; sym_type = 3; error = 1.087E-33
%%% number_of_nodes = 20; inside = true; positive = true

xs9 = [
        3.4487202536440357617123041812469731E-01,
        0.0000000000000000000000000000000000E+00,
       -9.3965525809683770585757175046316803E-01,
        6.9088055048634387281488830813840882E-01];
ys9 = [
       -9.1862044105672225965547017914277939E-01,
       -4.8892685697436906957409306022929340E-01,
       -9.3965525809683770585757175046316803E-01,
       -6.9088055048634387281488830813840882E-01];
ws9 = [
        1.1556177860824543121426255941955817E+00,
        1.8166558427469961097671489824211410E+00,
        1.7092492746310305032052288615936665E-01,
        8.5680144370744652776970253722391295E-01];


%%% nmax = 11; npols = 12; nquad = 6; sym_type = 3; error = 1.683E-33
%%% number_of_nodes = 28; inside = true; positive = true

xs11 = [
        4.3291605767858074714712365529781322E-01,
        0.0000000000000000000000000000000000E+00,
       -8.9479890090384102439891729969602989E-01,
        2.7951035446732656586434796733668765E-01,
       -6.3232025916808103934056272771615833E-01,
       -8.3545054627917361414012606703867346E-01];
ys11 = [
       -9.6109042140432700226915767609262550E-01,
       -7.5025713668203168043466953109268970E-01,
        8.9479890090384102439891729969602989E-01,
       -2.7951035446732656586434796733668765E-01,
       -6.3232025916808103934056272771615833E-01,
        0.0000000000000000000000000000000000E+00];
ws11 = [
        6.4948715596960246431240620692882244E-01,
        7.5407576896066194922733187899000454E-01,
        2.8711450564807591668901992482945301E-01,
        1.1824744575079816219024213470836204E+00,
        8.8032660620947070008378240808410642E-01,
        2.4652150570420734778503823408399671E-01];


%%% nmax = 13; npols = 16; nquad = 8; sym_type = 3; error = 2.476E-33
%%% number_of_nodes = 37; inside = true; positive = false

xs13 = [
        9.7040681055186491223382108544943750E-01,
        4.1335101772385847690121041200620479E-01,
        0.0000000000000000000000000000000000E+00,
        0.0000000000000000000000000000000000E+00,
        6.9330846867658612089915285721683385E-01,
       -3.5762661074958376451310364127740193E-01,
        0.0000000000000000000000000000000000E+00,
        0.0000000000000000000000000000000000E+00];
ys13 = [
       -8.2490758150802745939426812904273636E-01,
       -9.0263993319646646111293647728656991E-01,
       -6.9502760636863471809268657532808782E-01,
        9.8567669667461473543281220237952059E-01,
        6.9330846867658612089915285721683385E-01,
       -3.5762661074958376451310364127740193E-01,
       -2.3021744183306732098776972759414661E-01,
        0.0000000000000000000000000000000000E+00];
ws13 = [
        2.7482850422921862837283761502976611E-01,
        8.4785707458906995068293640027796161E-01,
        8.7185181339136991443634813393938899E-01,
        1.4655773771153630619925846245163902E-01,
        5.6973363053224938703377941850133775E-01,
        1.1413545504474752534713896012427274E+00,
       -3.4015693266291473363458742051257081E-01,
        4.8797362176199529343803778906974871E-01];


%%% nmax = 15; npols = 20; nquad = 9; sym_type = 3; error = 1.812E-33
%%% number_of_nodes = 48; inside = true; positive = true

xs15 = [
       -3.9554541507240555342743864227718562E-01,
       -9.8086427941182037566735442586503172E-01,
       -7.7088093180182969988964394436537040E-01,
        0.0000000000000000000000000000000000E+00,
       -5.1507706201746607356089461013961824E-01,
       -9.3485163205499847334243176286434044E-01,
       -9.7553210074511752827638511476501028E-01,
        7.6587563906137611447845018530706904E-01,
        2.1636339548015295010580140744311837E-01];
ys15 = [
       -8.9227425282228038166965340814306297E-01,
       -6.6104367348640081622394534153769605E-01,
        2.1004706327311387540442394474939172E-01,
       -5.7814839405119348876204414949879721E-01,
       -5.1507706201746607356089461013961824E-01,
       -9.3485163205499847334243176286434044E-01,
        0.0000000000000000000000000000000000E+00,
        7.6587563906137611447845018530706904E-01,
        2.1636339548015295010580140744311837E-01];
ws15 = [
        6.1365542042569168312969848533433623E-01,
        2.1528526140200218658372917242381023E-01,
        5.9420471081846311718649992604811866E-01,
        5.4611911895092751333240752588299394E-01,
        6.5608417710059485380218921470413247E-01,
        1.0940497326121453140943754170939792E-01,
        1.7642162630965011777962162705895201E-01,
        3.7964981969837714475587616927668189E-01,
        7.0917489203307885202054033756158095E-01];


%%% nmax = 17; npols = 25; nquad = 11; sym_type = 3; error = 4.487E-33
%%% number_of_nodes = 57; inside = true; positive = true

xs17 = [
       -7.6124866643908275965614948240512586E-01,
        9.0739435219822367070405059478846691E-01,
        0.0000000000000000000000000000000000E+00,
        0.0000000000000000000000000000000000E+00,
       -9.4751285648535955508766604792335110E-01,
       -5.8314822922962512500976582928993112E-01,
       -8.0399758131068880233969063726768872E-01,
       -3.0700690605377206417956748595694689E-01,
       -9.8709470704476782545682633278929036E-01,
       -2.7947776671519215001028373596083444E-01,
        0.0000000000000000000000000000000000E+00];
ys17 = [
       -9.8378797150154955261318330664974568E-01,
       -5.4689867041431010640112807851437718E-01,
       -5.4504298720914838787010174782667791E-01,
       -9.1749718821915320817120277758673281E-01,
        9.4751285648535955508766604792335110E-01,
       -5.8314822922962512500976582928993112E-01,
       -8.0399758131068880233969063726768872E-01,
        3.0700690605377206417956748595694689E-01,
       -3.0280748178886139816768835788736271E-01,
       -7.6208827608019827579179765943659278E-01,
        0.0000000000000000000000000000000000E+00];
