

%%% nmax = 1; sym_type = 0; error = 0.000E+00
%%% number_of_nodes = 1; inside = true; positive = true

xs1 = [
        0.0000000000000000000000000000000000E+00];
ys1 = [
        0.0000000000000000000000000000000000E+00];
zs1 = [
        0.0000000000000000000000000000000000E+00];
ws1 = [
        9.4280904158206336586779248280646532E-01];


%%% nmax = 2; sym_type = 0; error = 6.714E-34
%%% number_of_nodes = 4; inside = true; positive = true

xs2 = [
       -2.6770285859100710503719987697313508E-01,
        1.5109318415331429959259523840243028E-01,
       -1.3676991952373916475689309549484124E-01,
        8.0674493090519612308064446023370749E-01];
ys2 = [
        5.9390170061995107214706297959818365E-02,
        4.3540877324763111957386058976969202E-01,
       -3.2803411155904108453097508215355829E-01,
       -3.4009773142852881432527484674859469E-01];
zs2 = [
       -3.9694269411421479435827617173444189E-01,
        2.1517192543069193540376117610566870E-01,
        2.9508465199371325281689385802840228E-01,
       -3.4303789510025489252869106368098656E-01];
ws2 = [
        2.8333385879163587833102829634742254E-01,
        2.6283401989043342696002061119961601E-01,
        3.0084464750479435417453280148139102E-01,
        9.5796515395199706402210773778035707E-02];


%%% nmax = 3; sym_type = 0; error = 9.500E-34
%%% number_of_nodes = 6; inside = true; positive = true

xs3 = [
       -1.6850371802759987252893939699601263E-01,
        2.7837994275344020845168337812903265E-02,
       -3.5122161773434464364921616734163557E-01,
        4.3085324635490435014483724358078922E-01,
       -4.6767637479673775299027290164468963E-01,
        1.4928312538484325317645504204211421E-01];
ys3 = [
        1.9109149162717103164531757498531540E-01,
       -2.3049328388396556677941485908966998E-02,
        1.8351440263399939058531022543331475E-01,
       -2.4747158231804467458189868610389781E-01,
       -4.2352508272643761925481235090475940E-01,
        6.3978476851645212867288984602456629E-01];
zs3 = [
       -3.8962673145851622534026816469237961E-01,
        5.4813506632418282311474921395480192E-01,
        5.1478153303435123791006865644964647E-02,
       -1.6833156410070331524411643152864180E-01,
       -1.5869730778893080385068736863270486E-01,
       -1.0802192530553921256664575671010084E-01];
ws3 = [
        1.2498633461647939624763442137294295E-01,
        2.1158064843802116195742720096611907E-01,
        1.2074217182667231283059854072763831E-01,
        2.3759163162187155032242098878964957E-01,
        1.3258196489496812603975882383372819E-01,
        1.1532629018405081846995250711638715E-01];


%%% nmax = 4; sym_type = 0; error = 9.956E-34
%%% number_of_nodes = 11; inside = true; positive = true

xs4 = [
       -1.4596122809799968687308094879428129E-02,
       -2.9372448963099928614987056144492768E-01,
        3.2308783371582742718424967769789253E-01,
       -8.8196541793965741753230782598368478E-02,
        1.2702036633147101016074685849727099E-01,
       -4.4143076880911855603458228522678451E-01,
        3.9394185896334290038694678677458204E-01,
       -6.0344697146142399676689713283810772E-02,
       -8.9140598346011715774757501353113726E-02,
        6.5452130336037618695822142919932467E-01,
       -7.3076422596778578574192913546990252E-01];
ys4 = [
        2.4265645791996033773708480794135462E-03,
        1.7643965067646115767028600579481681E-01,
       -1.9320704109565567613978772564474672E-01,
        2.3178842701059736691997535443583062E-02,
        5.4514106772152181922393958893741896E-01,
       -3.8482256315901801586533996443109970E-01,
        2.0687446706395315175640529157046733E-01,
       -4.5737390749270804612442456240808652E-01,
        7.2680926595994602713425635841510368E-01,
       -3.9703562438705717071324498866969447E-01,
       -2.6694200886489818719680313695734945E-01];
zs4 = [
        7.0935657801036320582370354116799623E-01,
        1.1088604949411313444130347334179641E-01,
        1.6954263967046504017179464099384047E-01,
       -2.0118193913255871698931683617568902E-01,
        1.3095039907593174284590853137234656E-01,
        9.2254296791625089612987639075868022E-02,
       -3.1115604261982400846969653859985916E-01,
       -3.3022153293223744859225266806392805E-01,
       -3.5079317373637384948047527710948189E-01,
       -2.9704248339511378145935102396857607E-01,
       -3.8610375702418489806020435190530826E-01];
ws4 = [
        1.0037902524126399960409170239696530E-01,
        1.0392983102544636851254195171599848E-01,
        1.4611288340938766942968271865512905E-01,
        1.8234946234012432803902620678962162E-01,
        7.1806896564952424096016840230869500E-02,
        7.4884192110980144763744857405127460E-02,
        6.5496912004400616250839621040216936E-02,
        5.6505548846988156906380118396348225E-02,
        5.2225774423700492910131036080719310E-02,
        5.2112232198920448379052474497855439E-02,
        3.7006283415898716976284955597614036E-02];


%%% nmax = 5; sym_type = 0; error = 1.006E-33
%%% number_of_nodes = 14; inside = true; positive = true

xs5 = [
       -8.6443437414658918623798584897371962E-36,
        4.0899259174870070101623894744132110E-01,
       -2.9880265955036827476203232603626263E-35,
       -4.0899259174870070101623894744132110E-01,
       -8.0575644029876259396914949233253493E-35,
       -2.4354367705320243918938293505383127E-01,
        1.6138935081852000357511611880179664E-35,
        2.4354367705320243918938293505383141E-01,
        6.2905899875643509439070434505187747E-01,
       -6.2905899875643509439070434505187766E-01,
       -1.8342038533662474028849443133541413E-35,
        4.0899259174870070101623894744132110E-01,
        1.3594151531540113464565013001272104E-35,
       -4.0899259174870070101623894744132105E-01];
ys5 = [
        4.1179925549038987745988406572680378E-35,
       -2.3613198294267506302113967543424942E-01,
        4.7226396588535012604227935086849883E-01,
       -2.3613198294267506302113967543424939E-01,
       -1.4853617623081097248059082446145188E-36,
        1.4061000750609771153002912684588999E-01,
       -2.8122001501219542306005825369177983E-01,
        1.4061000750609771153002912684588992E-01,
       -3.6318738226818426078806222148604099E-01,
       -3.6318738226818426078806222148604109E-01,
        7.2637476453636852157612444297208208E-01,
        2.3613198294267506302113967543424939E-01,
       -4.7226396588535012604227935086849879E-01,
        2.3613198294267506302113967543424939E-01];
zs5 = [
        7.7043678252967187524939227917492132E-01,
        3.3394105278758341638333730373208831E-01,
        3.3394105278758341638333730373208826E-01,
        3.3394105278758341638333730373208826E-01,
       -2.9827886943075911843313645741771262E-01,
        9.9426289810253039477712152472570886E-02,
        9.9426289810253039477712152472570825E-02,
        9.9426289810253039477712152472570874E-02,
       -2.5681226084322395841646409305830714E-01,
       -2.5681226084322395841646409305830714E-01,
       -2.5681226084322395841646409305830719E-01,
       -3.3394105278758341638333730373208826E-01,
       -3.3394105278758341638333730373208826E-01,
       -3.3394105278758341638333730373208821E-01];
ws5 = [
        6.9289905543486469102372239680799906E-02,
        4.0112773071970732209138993655234595E-02,
        4.0112773071970732209138993655234583E-02,
        4.0112773071970732209138993655234595E-02,
        1.0624319524407327405086739053796457E-01,
        1.0624319524407327405086739053796457E-01,
        1.0624319524407327405086739053796457E-01,
        1.0624319524407327405086739053796455E-01,
        6.9289905543486469102372239680799906E-02,
        6.9289905543486469102372239680799882E-02,
        6.9289905543486469102372239680799906E-02,
        4.0112773071970732209138993655234595E-02,
        4.0112773071970732209138993655234595E-02,
        4.0112773071970732209138993655234595E-02];
